550
632
638
659
662
678
713
722
723
755
776
804
805
807
808
809
810
829
846
861
864
889
894
895
905
910
925
933
940
945
958
963
990
1001
1024
1030
1031
1033
1034
1035
1036
1037
1038
1039
1041
1043
1056
1064
1197
1198
1222
1235
1240
1242
1288
1289
1453
1481
1521
1526
1578
1579
1580
1621
1622
1627
1632
1642
1665
1673
1674
1692
1694
1696
1702
1711
1713
1714
1715
1716
1717
1721
1734
1736
1747
1748
1773
1774
1795
1799
1883
1889
2080
2182
2192
2229
2300
2338
2382
10145
10146
10156
10180
10245
10246
10247
10273
10278
10308
10323
10346
10363
